0
1
2
3
8
9
10
11
12
13
14
15
16
17
18
19
20
21
23
24
25
26
27
28
29
30
32
33
36
37
38
39
40
42
43
44
46
47
49
52
53
54
55
56
59
60
62
63
64
68
70
74
75
76
77
81
83
84
85
86
87
89
90
91
92
93
94
95
97
98
100
101
102
103
104
105
106
107
108
109
111
118
120
122
128
130
131
135
138
139
140
141
142
144
145
147
148
149
150
151
152
153
154
155
156
157
158
159
166
167
169
171
172
173
174
176
177
180
181
182
184
185
189
191
192
193
195
198
199
200
201
202
204
205
207
208
209
212
213
214
215
216
218
219
220
223
225
226
227
228
230
231
232
233
235
236
237
238
239
240
241
242
243
244
246
247
249
250
251
252
254
255
256
258
259
261
262
263
264
265
267
268
269
272
273
274
276
277
278
279
280
281
282
284
285
287
291
293
294
296
299
300
301
303
308
309
310
312
313
314
316
317
321
324
328
332
333
335
336
337
338
340
341
343
344
345
346
349
354
355
358
359
361
362
364
365
366
368
371
373
375
377
378
379
380
381
382
383
386
387
388
389
391
392
393
395
398
399
400
401
402
403
404
405
406
407
409
410
411
412
413
414
415
416
418
421
422
425
426
430
431
433
435
436
438
440
442
443
444
446
450
452
453
454
455
456
457
458
459
461
463
464
467
470
472
474
475
476
477
478
479
480
482
483
484
485
486
487
488
489
490
491
493
494
495
496
497
498
500
501
502
503
504
505
506
507
508
509
510
511
512
513
514
515
516
517
518
519
520
521
522
523
524
525
526
527
528
529
530
531
532
533
534
535
536
537
538
539
540
541
542
543
544
545
546
547
548
549
550
551
552
553
554
555
556
557
558
559
561
563
564
565
567
571
573
574
575
576
577
579
581
582
583
584
585
586
587
590
595
596
600
601
603
606
607
608
609
610
611
613
614
616
618
619
620
622
625
626
627
628
629
630
633
636
637
638
639
640
641
642
644
645
646
647
648
649
650
651
652
654
655
656
658
661
663
664
665
666
667
668
669
670
672
673
677
678
679
680
683
684
685
687
688
689
690
692
699
715
716
719
720
721
728
729
732
734
744
748
753
754
758
762
764
767
769
775
784
785
792
797
798
799
800
803
804
805
807
808
810
811
812
813
814
815
816
817
818
819
821
822
827
828
829
831
832
834
835
836
837
838
839
840
841
842
845
846
847
848
849
850
852
853
854
855
856
857
858
859
860
861
863
864
865
866
867
868
871
872
873
874
875
876
879
880
883
884
885
886
887
888
890
891
892
893
894
896
898
899
900
901
902
903
904
905
907
908
910
911
912
913
914
915
916
918
919
920
922
923
924
925
927
928
933
934
935
936
937
938
939
942
945
946
947
951
952
953
954
955
956
957
958
959
960
961
963
964
965
966
967
968
969
970
972
973
974
975
976
977
978
979
980
981
982
983
984
985
986
987
988
989
990
991
992
993
994
995
996
997
998
999
1000
1001
1002
1003
1004
1005
1006
1007
1008
1009
1010
1011
1012
1013
1015
1016
1017
1018
1019
1020
1021
1022
1023
1024
1025
1028
1029
1031
1032
1033
1035
1036
1037
1039
1040
1044
1045
1047
1048
1051
1052
1053
1054
1055
1056
1057
1058
1059
1060
1061
1062
1063
1064
1070
1071
1073
1075
1076
1077
1078
1081
1083
1086
1087
1088
1089
1091
1095
1096
1098
1099
1100
1101
1103
1104
1105
1106
1107
1108
1109
1110
1111
1112
1113
1116
1119
1121
1122
1123
1124
1126
1127
1128
1129
1130
1131
1134
1136
1137
1138
1139
1140
1142
1144
1146
1147
1148
1149
1151
1153
1154
1155
1156
1157
1159
1160
1161
1162
1163
1164
1165
1166
1168
1169
1179
1183
1185
1186
1187
1188
1189
1192
1193
1194
1195
1198
1199
1200
1201
1202
1203
1204
1205
1206
1211
1213
1216
1217
1218
1219
1220
1221
1223
1224
1225
1226
1229
1230
1232
1233
1234
1235
1236
1237
1238
1239
1240
1241
1242
1245
1248
1249
1250
1251
1252
1253
1259
1260
1261
1262
1263
1265
1266
1267
1268
1270
1271
1272
1273
1275
1276
1280
1281
1282
1283
1284
1288
1289
1290
1291
1292
1293
1296
1298
1303
1305
1306
1307
1308
1310
1319
1320
1321
1322
1327
1328
1329
1330
1334
1340
1343
1348
1349
1352
1354
1360
1361
1362
1363
1364
1365
1366
1367
1368
1369
1372
1373
1374
1375
1376
1377
1379
1383
1384
1385
1386
1388
1389
1390
1391
1392
1395
1396
1397
1398
1399
1401
1402
1403
1404
1405
1406
1407
1408
1409
1410
1411
1412
1413
1414
1416
1420
1421
1422
1424
1425
1427
1430
1431
1433
1434
1435
1436
1437
1438
1439
1440
1441
1442
1443
1444
1445
1446
1448
1449
1451
1452
1453
1454
1455
1456
1457
1458
1459
1460
1461
1462
1463
1464
1465
1466
1467
1468
1469
1470
1471
1472
1473
1474
1477
1478
1479
1480
1481
1482
1483
1484
1485
1486
1490
1491
1492
1493
1499
1500
1501
1502
1503
1504
1505
1506
1507
1508
1510
1511
1512
1513
1514
1516
1517
1518
1519
1521
1523
1524
1525
1526
1528
1529
1532
1533
1534
1535
1536
1537
1538
1539
1541
1542
1543
1544
1545
1546
1547
1549
1550
1551
1552
1553
1555
1557
1558
1559
1561
1562
1563
1564
1565
1566
1567
1568
1569
1570
1571
1572
1573
1575
1576
1577
1578
1579
1580
1581
1582
1583
1584
1585
1586
1587
1588
1589
1591
1593
1595
1596
1597
1598
1599
1600
1601
1603
1604
1605
1606
1607
1609
1610
1612
1615
1617
1618
1619
1620
1621
1622
1623
1624
1625
1626
1627
1628
1629
1630
1632
1634
1635
1637
1638
1639
1640
1641
1642
1643
1644
1645
1647
1649
1650
1651
1652
1653
1656
1657
1659
1660
1661
1662
1663
1664
1665
1666
1672
1673
1677
1681
1682
1683
1684
1685
1686
1687
1689
1690
1691
1693
1695
1696
1697
1699
1700
1701
1702
1703
1704
1706
1708
1709
1710
1711
1712
1713
1714
1715
1719
1720
1722
1723
1724
1725
1726
1727
1728
1729
1730
1733
1735
1736
1737
1738
1739
1740
1741
1742
1744
1745
1746
1747
1749
1752
1753
1754
1755
1756
1757
1758
1759
1760
1762
1766
1768
1769
1770
1772
1773
1774
1775
1776
1777
1778
1779
1780
1781
1782
1783
1785
1787
1789
1790
1791
1792
1793
1794
1795
1797
1798
1800
1804
1806
1807
1808
1809
1810
1811
1812
1813
1814
1815
1816
1817
1818
1819
1820
1821
1823
1824
1825
1826
1827
1828
1829
1833
1834
1836
1838
1839
1840
1841
1842
1843
1851
1856
1857
1858
1859
1860
1861
1862
1863
1864
1865
1866
1867
1868
1869
1870
1873
1886
1887
1889
1890
1891
1892
1894
1895
1896
1897
1898
1900
1901
1902
1903
1904
1905
1906
1910
1912
1917
1918
1920
1921
1922
1925
1926
1932
1938
1939
1941
1943
1944
1945
1948
1949
1950
1951
1955
1957
1959
1961
1962
1964
1965
1966
1967
1968
1972
1975
1976
1977
1980
1981
1982
1983
1985
1986
1987
1988
1990
1992
1993
1994
1995
1996
1997
1998
1999
2001
2002
2003
2005
2008
2009
2010
2011
2012
2014
2017
2019
2021
2025
2026
2029
2030
2032
2034
2035
2036
2038
2043
2046
2048
2051
2053
2058
2059
2061
2063
2065
2066
2069
2070
2071
2073
2078
2080
2081
2083
2084
2085
2086
2087
2091
2092
2094
2095
2096
2097
2098
2099
2100
2101
2102
2104
2106
2109
2110
2111
2112
2113
2114
2116
2118
2119
2120
2121
2122
2123
2124
2125
2126
2127
2128
2129
2130
2132
2134
2135
2136
2137
2138
2140
2141
2142
2143
2144
2146
2149
2150
2151
2152
2153
2154
2156
2159
2160
2161
2162
2163
2165
2167
2168
2171
2175
2176
2177
2178
2183
2185
2186
2187
2188
2190
2191
2192
2194
2195
2196
2197
2198
2199
2200
2201
2202
2203
2204
2205
2206
2207
2208
2209
2211
2212
2213
2214
2215
2216
2217
2218
2219
2221
2222
2223
2224
2225
2227
2228
2229
2230
2231
2232
2233
2234
2235
2236
2237
2238
2239
2240
2241
2242
2243
2244
2245
2246
2249
2250
2251
2253
2254
2255
2256
2257
2258
2259
2260
2261
2262
2263
2264
2265
2266
2267
2268
2271
2273
2274
2275
2276
2278
2281
2282
2283
2284
2285
2290
2292
2293
2294
2295
2296
2298
2300
2301
2302
2304
2305
2307
2308
2310
2311
2313
2314
2315
2316
2318
2319
2320
2326
2327
2328
2329
2331
2332
2333
2334
2335
2336
2337
2338
2340
2343
2344
2345
2346
2347
2349
2353
2354
2355
2356
2358
2359
2360
2361
2365
2366
2367
2368
2371
2372
2373
2374
2375
2376
2377
2378
2379
2380
2382
2383
2385
2386
2387
2389
2391
2394
2395
2399
2401
2402
2403
2404
2405
2406
2407
2408
2409
2410
2411
2412
2413
2415
2416
2417
2418
2419
2420
2421
2422
2423
2424
2425
2426
2427
2428
2429
2430
2431
2432
2433
2434
2435
2436
2437
2438
2439
2440
2441
2442
2443
2444
2445
2446
2447
2449
2450
2451
2452
2453
2454
2455
2456
2457
2458
2459
2460
2461
2462
2463
2464
2466
2471
2472
2473
2474
2475
2476
2477
2478
2482
2483
2484
2485
2486
2487
2488
2490
2491
2492
2493
2494
2495
2497
2498
2499
2500
2501
2502
2503
2506
2507
2508
2509
2513
2514
2515
2516
2517
2518
2519
2520
2521
2522
2523
2524
2525
2527
2529
2530
2531
2532
2534
2536
2538
2540
2541
2542
2545
2549
2550
2551
2556
2557
2558
2559
2560
2561
2562
2563
2566
2567
2568
2569
2570
2571
2573
2575
2576
2578
2579
2580
2581
2584
2587
2588
2590
2591
2592
2594
2595
2597
2598
2599
2605
2606
2609
2610
2611
2612
2613
2615
2617
2619
2620
2624
2625
2626
2627
2631
2632
2633
2640
2645
2652
2653
2654
2655
2656
2657
2658
2659
2660
2662
2663
2664
2666
2667
2668
2669
2671
2673
2674
2676
2678
2679
2680
2681
2682
2683
2684
2685
2686
2687
2688
2689
2694
2696
2699
2700
2702
2703
2706
2707
2708
2711
2712
2713
2714
2715
2716
2717
2720
2721
2722
2723
2724
2725
2726
2729
2730
2731
2733
2734
2736
2737
2739
2740
2741
2742
2744
2746
2747
2748
2749
2754
2755
2756
2757
2758
2760
2761
2762
2764
2765
2766
2767
2768
2769
2770
2771
2773
2774
2776
2777
2778
2779
2780
2782
2783
2784
2785
2787
2788
2792
2793
2796
2797
2798
2799
2800
2801
2802
2803
2804
2805
2806
2807
2808
2809
2810
2811
2812
2815
2816
